data/dhm_1.asc
ncols         200
nrows         200
xllcorner     599987.5
yllcorner     194987.5
cellsize      25
NODATA_value  -9999
[rows 60 to 89 of 200, columns 68 to 135 of 200]
547.1 546.898 546.697 547.302 548.004 548.198 548.198 546.898 545.502 544.598 544.001 543.404 542.799 542.298 542 541.903 541.798 541.701 542.202 542.702 543.404 544.001 544.703 545.3 545.801 546.301 546.801 547.197 547.302 547.504 547.6 547.697 547.798 547.9 548.104 548.196 548.4 548.604 548.9 549.196 549.502 549.797 550.501 551.5 552.5 552.704 551.704 551.5 551.704 552.296 553.102 553.897 554.203 554.305 554.305 554.397 554.499 554.305 554.101 554.101 554.203 554.203 553.999 553.703 553.601 553.499 553.499 553.499
545.204 545.002 545.002 545.502 546.301 546.398 546.898 545.704 544.397 544.001 543.501 542.702 542.202 541.701 541.403 541.298 541.201 541.701 542.5 543.202 543.896 544.598 545.204 545.599 546.099 546.503 546.697 546.801 546.898 547.1 547.197 547.302 547.401 547.605 547.697 547.798 548.104 548.298 548.604 548.9 549.298 549.604 550.001 550.797 551.796 552.796 552.398 552.5 552.704 553.102 553.795 554.499 554.703 554.897 556.1 557.497 557.803 556.304 554.999 554.897 555.304 554.897 554.601 554.499 554.305 554.305 554.203 554.203
543.404 543.097 543.299 543.896 544.397 544.703 545.599 544.502 543.799 543.404 543 542.298 541.5 540.999 540.701 540.701 540.902 541.596 542.5 543.404 544.203 545.002 545.397 545.704 546.003 546.196 546.503 546.6 546.697 546.801 546.898 547.003 547.105 547.299 547.798 548.298 548.798 549.104 549.4 549.4 549.196 549.604 549.899 550.705 551.5 552.296 552.796 553.499 553.703 553.999 554.601 555.896 557.803 559.598 560.098 560.2 560.098 558.701 556.895 558.201 558.599 559.904 557.303 556.1 555.498 555.202 554.999 554.897
541.403 541.201 541.5 542.298 542.597 543 543.896 543.598 543.202 542.799 542.202 541.903 541.096 540.297 540.103 540.402 540.797 541.596 542.403 543.299 544.098 544.8 545.204 545.502 545.704 546.003 546.196 546.301 546.398 546.503 546.6 546.697 546.799 547.003 548.002 548.696 549.298 549.797 550.103 550.103 549.502 549.604 549.899 550.603 551.297 551.205 551.205 552.5 553.795 554.805 556.804 559.996 560.302 560.597 560.903 560.404 559.996 558.405 558.099 560.2 560.699 561.097 560.495 559.996 559.598 558.802 557.599 556.304
539.603 539.498 539.797 540.701 540.797 541.298 542.202 542.403 541.596 540.902 540.701 541.298 540.701 539.998 539.7 540.103 540.701 541.5 542.298 543.202 543 543.097 545.002 545.204 545.502 545.704 545.898 546.003 546.099 546.196 546.301 546.398 546.697 546.901 547.605 548.604 549.502 550.297 550.705 550.195 549.797 549.695 549.899 550.195 550.001 549.899 549.899 551.602 553.499 555.202 557.395 559.496 559.996 560.302 560.302 560.098 558.099 556.202 557.099 558.996 560.597 562.097 562.199 561.699 561.505 559.996 558.599 557.701
538.199 538.304 538.796 539.498 539.103 539.603 540.297 540.701 540.402 538.998 539.7 540.402 540.2 539.2 538.401 539.603 540.604 541.403 542.202 541.403 540.797 541.298 542.799 545.002 545.204 545.397 545.599 545.704 545.801 545.898 546.099 546.301 546.503 546.697 547.197 548.196 549.196 550.195 550.297 549.695 549.104 549.104 549.4 549.4 549.298 549.502 549.797 550.603 553.897 555.998 557.701 556.498 554.805 555.1 557.701 556.702 554.999 554.499 554.703 556.498 559.302 561.097 562.8 563.402 563.3 561.699 559.802 558.904
536.9 537.198 537.803 538.497 537.803 536.496 538.102 539.603 538.401 536.101 537.198 538.901 539.797 538.401 537.602 539.2 540.402 541.096 540.902 539.797 539.103 539.7 540.797 543.501 544.703 545.099 545.3 545.502 545.599 545.704 545.898 546.099 546.299 546.595 546.799 547.798 548.502 548.502 548.798 548.196 548.4 548.604 548.696 548.9 549.196 549.4 549.695 549.899 553.601 555.702 556.6 554.805 553.601 553.999 554.499 554.305 553.897 553.601 554.101 554.703 556.804 560.098 561.097 562.698 565.105 563.902 562.005 560.801
535.6 536.198 536.803 537.4 536.399 534.801 534.898 535.802 534.503 534.196 536.803 540.297 540.902 538.497 536.9 538.699 539.998 539.998 539.902 538.699 538.199 539.401 540.604 541.903 542.597 543.598 545.002 545.204 545.3 545.502 545.704 546.003 546.197 546.401 546.595 547.105 547.197 548.002 549.104 549.196 549.4 549.002 548.9 549.196 549.298 549.502 549.604 549.899 551.704 554.601 554.999 553.601 552.296 552.898 553.102 552.898 552.602 552.796 553.295 553.897 554.601 555.896 557.497 559.598 562.902 566.298 564.299 563.3
534.398 535.197 535.802 536.399 534.898 533.3 531.799 531.404 532.397 538.304 540.402 541.201 540.902 539.603 536.101 537.198 538.199 537.997 537.602 536.698 537.4 538.602 539.498 540.297 540.103 541.798 543.703 544.703 545.099 545.397 545.704 546.099 546.595 547.197 547.798 548.4 549.4 550.195 550.399 550.501 550.501 550.001 549.797 549.604 549.695 549.797 549.899 550.001 552.5 554.101 551.796 551.5 551.205 551.5 551.602 551.5 551.602 552 552.5 553 553.601 554.305 554.805 557.905 562.403 565.605 566.798 565.901
533.099 533.898 534.696 535.003 533.397 531.896 530.298 529.403 533.801 540.2 540.604 540.402 538.497 537.803 534.898 535.197 536.101 536.004 536.496 538.401 539.296 537.803 538.401 539.103 539.797 541.096 542.5 543.799 544.897 545.704 546.398 547.003 547.697 548.4 549.104 549.797 550.195 550.797 551.205 551.398 551.398 551.205 551.103 550.501 550.501 550.899 551.898 552.796 553.703 551.796 549.899 549.899 550.001 550.103 550.195 550.399 550.899 551.297 552.102 553.102 553.795 553.795 554.499 556.997 562.005 564.799 567.196 568.705
531.896 532.598 533.397 534.002 532.203 530.702 529.201 528.797 533.801 538.304 539.998 538.304 535.802 535.197 534.196 534.503 535.399 536.601 538.304 540.103 540.2 538.199 538.304 538.998 539.7 540.604 541.903 543.299 544.703 546.301 546.503 547.1 547.798 548.502 549.196 549.797 550.297 551.103 551.5 551.796 552.204 552.102 552.204 552.102 551.898 552.796 553.795 553.999 551.796 550.001 549.695 549.4 549.502 549.604 549.604 549.797 550.797 552 553.295 554.203 555.202 554.999 554.601 556.997 560.903 563.3 565.697 568.103
530.597 531.404 532.203 533.002 531.501 529.798 526.804 528.7 532.703 537.997 537.997 535.802 533.397 534.898 536.302 535.802 537.497 539.2 540.2 540.402 540.2 538.901 538.796 538.998 539.603 540.2 542.202 543.896 545.099 546.301 547.802 548.302 548.298 548.798 549.4 550.001 550.603 551.398 551.796 552.102 552.296 552.5 552.796 553.102 553.204 553.204 553.204 553.397 551.602 549.797 549.4 549.002 549.002 549.002 549.002 549.4 549.899 551.001 552.204 553.499 554.499 555.304 557.303 558.904 560.404 563.198 566.104 568.899
527.103 530.5 531.299 532.001 530.799 528.402 526.304 530.5 533.502 536.004 534.696 533.002 535.399 539.2 540.499 538.401 537.497 538.998 539.902 540.499 540.902 539.603 539.401 539.296 539.797 540.999 542.904 544.8 545.801 547.1 548.399 549.602 549.695 549.502 550.001 550.603 551.297 551.297 551.5 551.602 551.796 552.296 552.704 552.796 552.204 552.296 552.296 552.602 552.204 549.899 549.502 549.002 548.502 548.502 548.604 549.002 549.502 550.001 551.103 552.398 553.295 554.397 556.202 557.905 559.598 561.597 563.902 568.297
514.998 524.004 530.298 530.904 529.298 525.101 527.902 531.598 534.002 533.204 532.001 533.204 536.601 539.998 540.402 538.998 538.401 538.401 538.901 539.7 541.298 541.403 540.797 540.499 539.998 541.403 543.404 544.897 545.801 547.1 548.601 549.997 550.297 550.297 550.705 550.705 550.297 550.603 550.899 551.103 551.602 552 552.5 552 551.297 551.398 551.5 551.796 552 550.705 549.797 549.4 548.502 547.9 548.196 548.604 549.104 549.604 550.103 551.205 552.5 553.999 555.498 557.201 558.996 559.7 562.005 566.196
508.897 515.199 522.301 528.402 526.401 522.6 528.604 531.501 532.3 531.598 531.703 535.003 537.497 539.2 540.499 540.2 537.9 537.4 539.103 540.499 539.998 540.297 541.798 542.904 543.598 543.404 544.203 544.397 544.598 546.196 548.004 549.804 550.103 549.899 550.001 549.695 549.298 549.797 550.399 550.797 551.398 551.898 552 551.103 550.399 550.399 550.603 550.399 551.103 551.5 550.501 549.695 548.798 547.9 547.697 548.104 548.604 549.002 549.604 550.797 552.398 553.999 555.396 556.804 558.405 559.098 559.598 564.401
506.5 509.098 514.102 519.896 522.6 520.598 528.7 530.403 531.202 530.5 533.204 535.003 536.198 537.602 538.304 540.103 540.103 536.302 539.2 539.902 538.796 539.603 540.701 542.097 543.703 543 542.5 542.403 542.904 544.897 546.697 548.399 548.696 548.9 549.104 548.798 548.4 549.002 550.103 550.705 551.205 551.796 551.103 550.195 549.4 549.4 549.4 549.604 550.501 551.205 550.705 550.103 549.104 548.104 547.105 547.299 547.798 548.604 549.604 551.103 552.796 554.397 555.702 556.997 557.201 557.497 558.599 561.505
504.902 507.299 509.704 514.102 517.903 518.201 521.002 525.4 529.201 530.597 532.001 533.204 534.503 535.302 535.697 536.996 537.497 535.302 536.803 537.698 538.497 539.401 540.701 542.597 542.597 541.096 540.604 540.402 541.201 542.597 545.204 547.003 547.299 548.002 548.196 547.798 547.299 548.002 550.001 550.705 551.297 551.001 550.297 549.502 548.604 548.298 548.4 549.196 550.195 550.603 550.501 550.103 549.196 548.196 547.197 546.697 547.401 548.604 550.103 551.398 553.102 554.703 555.896 555.896 555.804 555.998 557.599 559.098
503.901 506.403 508.598 511.1 513.303 515.199 517.298 518.904 521.897 527.296 530.201 531.404 532.397 532.8 533.204 533.801 534.002 536.803 538.796 540.2 540.797 541.096 542.298 542.5 540.604 539.797 539.797 539.7 539.797 539.998 543.097 545.502 546.401 547.197 547.197 546.697 546.197 547.503 550.103 550.797 550.899 550.297 549.104 548.4 547.503 547.197 547.605 548.798 549.899 550.195 550.103 549.502 548.4 547.697 546.901 546.299 547.503 548.696 550.001 551.297 552.602 553.999 554.499 554.499 554.397 554.499 555.702 557.303
504.2 505.297 507.404 509.397 511.398 512.504 514.199 516.402 518.799 522.196 525.698 529.499 530.5 531.202 532.598 535.503 538.199 539.296 540.499 541.403 541.903 542.298 541.798 540.604 539.902 539.603 539.401 539.296 539.401 539.7 539.998 543.404 545.698 546.197 546.197 545.504 545.096 546.901 549.604 550.705 550.297 549.196 547.503 546.595 546.503 546.197 547.197 548.298 548.4 548.604 548.4 548.104 547.503 546.595 545.902 545.698 546.697 547.9 549.104 550.001 551.001 552.102 552.602 552.704 552.602 553.204 554.203 555.304
505.798 504.603 506.702 508.396 509.502 509.897 512.1 514.602 517.201 519.896 523.503 526.602 530.201 532.203 533.898 536.698 539.902 540.2 540.604 540.902 541.298 542 541.096 539.797 539.603 539.296 538.998 538.901 538.998 539.296 539.603 539.902 543.903 545.402 545.504 544.8 544.504 546.901 550.103 550.399 549.4 546.004 545.096 544.902 545.004 545.698 546.503 546.197 546.595 546.697 546.595 546.401 546.095 545.504 545.3 545.3 545.8 546.799 547.299 548.196 549.4 550.103 550.705 550.899 550.899 551.898 552.898 553.897
507.097 503.998 505.903 507 508.098 509.098 510.503 513.303 516.103 518.201 520.897 523.398 530.201 532.703 535.302 537.803 538.602 539.103 539.603 540.2 540.797 541.5 541.596 539.902 539.401 539.103 538.796 538.602 538.699 538.998 539.296 539.603 540.904 543.301 544.402 543.597 544.3 547.798 550.103 550.103 546.595 544.3 543.903 543.597 543.597 544.096 544.198 544.504 544.8 544.902 544.902 544.698 544.504 544.504 544.698 544.8 545.198 545.004 545.504 546.503 547.9 548.696 549.104 549.298 549.695 550.603 551.5 552.704
508.396 504.2 504.797 506.201 507.404 508.598 509.801 512.197 514.304 516.297 518.5 520.598 529.201 532.203 535.003 537.698 537.698 538.102 538.796 539.498 539.998 540.701 541.403 539.998 539.498 539.103 539.2 538.699 538.304 538.497 538.901 539.296 540.099 543.097 542.495 543.301 544.698 546.697 545.504 544.8 544.504 543.301 542.302 542.098 541.598 541.996 542.2 542.995 543.301 543.597 543.699 543.505 543.403 543.597 543.801 544.3 544.504 544.504 544.596 545.004 546.401 547.401 547.697 548.196 548.9 549.604 550.195 551.398
509.704 505.798 504.297 505.596 506.798 508.001 509.3 510.599 512.698 514.804 517.596 521.002 526.602 531.202 535.1 538.102 539.103 538.901 538.901 538.796 539.498 539.902 540.902 539.998 539.902 540.2 539.998 538.901 537.9 538.102 538.497 539.296 540.099 541.404 541.904 542.995 544.096 544.096 543.801 543.903 543.699 542.597 541.302 540.496 539.997 539.997 540.598 541.496 541.904 542.302 542.404 542.2 542.495 542.699 543.403 543.903 543.903 543.903 544.198 544.596 545.004 546.004 546.697 547.401 548.196 548.798 549.4 550.399
511.1 507 503.796 504.999 506.298 507.501 508.598 509.599 511.302 513.602 516.7 519.404 522.801 527.498 532.3 536.601 540.103 539.998 539.603 539.296 539.401 539.603 539.998 540.999 540.499 540.103 539.401 538.602 537.698 537.803 538.497 539.296 539.997 540.802 541.598 542.495 542.995 542.801 542.495 542.597 542.699 542.098 540.904 539.997 539.803 539.803 539.905 539.997 540.598 540.996 541.098 541.404 541.7 542.404 543.097 543.301 543.403 543.403 543.699 544.096 544.504 545.3 546.095 546.799 547.401 548.104 548.9 549.797
512.1 507.896 504.902 504.499 505.798 506.903 507.896 508.897 510.002 512.504 515.401 517.701 519.597 523.6 529.104 535.1 540.103 540.604 541.096 539.998 539.902 539.998 540.297 540.902 540.2 539.401 538.699 537.9 537.101 537.997 538.901 539.7 540.496 541.302 541.996 541.904 541.7 541.496 541.2 541.302 541.598 541.496 540.7 539.905 539.599 539.701 539.701 539.803 539.905 539.997 540.099 540.7 541.404 542.098 542.699 542.801 542.699 542.903 543.301 543.699 544.402 544.902 545.504 546.095 546.697 547.605 548.502 549.298
517.499 509.098 506.201 504.103 505.201 506.201 507.202 508.299 509.3 511.197 513.997 515.901 517.903 520.203 525.497 530.5 535.697 538.901 538.401 539.498 541.798 541.596 541.903 540.902 539.998 538.602 537.9 537.198 537.101 538.199 539.2 540.2 541.2 542.2 542.495 541.098 540.496 540.201 539.997 539.997 540.496 540.996 540.405 539.803 539.395 539.497 539.599 539.701 539.701 539.803 539.997 540.496 541.098 541.802 542.2 542.098 542.098 542.404 542.801 543.505 544.005 544.402 544.8 545.402 546.197 547.197 548.298 549.002
520.098 509.502 506.798 504.603 504.499 505.596 506.597 507.702 508.8 509.897 512.302 514.4 516.7 519.202 523.1 527.7 531.202 535.302 535.399 536.9 539.103 542.202 542.097 540.902 539.998 538.102 537.101 536.399 537.4 538.602 539.797 541.701 542.801 543.301 541.7 540.201 539.905 539.803 539.803 539.599 539.701 540.201 539.803 539.395 539.201 539.303 539.395 539.497 539.701 539.803 539.905 540.303 540.996 541.496 541.496 541.496 541.598 541.996 542.597 543.097 543.505 543.903 544.402 544.902 545.902 546.901 548.002 548.298
520.501 511.003 508.299 506.201 503.998 504.999 506 507.097 508.203 509.3 510.898 513.198 515.797 518.298 521.599 525.602 528.297 531.598 532.703 534.801 537.101 539.296 541.096 540.902 539.902 537.803 536.399 536.399 537.698 538.998 540.604 543.598 544.902 543.903 540.802 539.905 539.803 539.701 539.599 539.497 539.303 539.201 539.099 538.997 539.099 539.303 539.395 539.497 539.701 539.803 539.905 540.303 540.7 540.802 540.802 540.802 541.098 541.7 542.098 542.597 543.097 543.801 544.402 545.004 545.902 546.901 546.901 547.197
521.397 520.3 510.696 508.098 505.701 504.103 505.104 506.298 507.404 508.501 509.801 512.197 514.901 517.499 520.098 523.197 526.304 528.7 530.298 532.8 535.197 537.4 540.103 540.499 539.103 537.4 535.6 536.698 537.9 539.103 540.999 544.8 547.003 543.903 539.997 539.905 539.803 539.701 539.599 539.395 539.201 539.099 538.997 538.804 538.804 538.997 539.099 539.303 539.497 539.599 539.803 539.997 539.997 540.099 540.099 540.303 540.802 541.2 541.7 542.404 543.097 543.801 544.504 545.096 546.004 546.004 545.902 546.004
522.398 521.397 520.203 509.801 507.702 505.297 504.2 505.297 506.5 507.702 509.098 510.898 513.602 515.998 519.299 522.503 524.996 526.497 528.604 530.904 533.204 535.302 536.996 536.996 536.496 535.302 535.197 536.302 537.497 538.796 540.2 543.097 544.698 543.301 539.997 539.905 539.803 539.599 539.395 539.201 538.997 538.895 538.804 538.6 538.498 538.6 538.804 538.997 539.099 539.303 539.497 539.599 539.395 539.395 539.497 539.803 540.303 540.996 541.7 542.404 543.097 543.801 544.504 544.902 545.096 545.096 544.8 545.004
