data/dhm_1.asc
ncols         200
nrows         200
xllcorner     599987.5
yllcorner     194987.5
cellsize      25
NODATA_value  -9999
[rows 150 to 179 of 200, columns 68 to 135 of 200]
625 618.503 612.903 608.303 602.501 597.199 592.502 584.803 578.404 575.297 571.802 569.301 568.098 567.098 566.299 565.5 564.999 565.201 565.403 565.201 565.096 564.902 564.402 563.498 562.796 562.102 561.4 560.303 557.502 554.299 551.103 547.003 545.198 546.401 546.197 547.299 550.001 553.499 556.702 557.997 553.999 549.002 548.4 547.697 547.197 546.697 544.005 541.7 539.497 537.304 534.704 532.195 527.402 510.003 509.901 509.799 509.596 509.504 509.402 509.3 509.198 509.096 509.004 508.902 508.8 508.698 508.596 508.504
630.6 624.104 618.003 611.7 606.003 599.499 594.802 590.904 583.698 578.299 574.603 569.898 569.002 568.001 567.098 566.404 565.903 565.5 565.298 565.403 565.298 565.201 564.902 564.2 563.498 562.699 561.303 560.303 557.002 553.798 551.2 546.898 543.597 544.8 544.096 544.8 547.605 550.195 553 553.795 550.899 548.502 547.197 546.697 546.004 545.596 544.096 542.2 540.303 537.498 534.398 531.298 520.804 510.003 509.799 509.698 509.596 509.504 509.402 509.3 509.198 509.096 509.004 508.902 508.8 508.698 508.596 508.504
635.701 628.599 622.103 615.8 609.199 603.098 598.796 597.497 591.8 583.899 577.597 573.303 569.696 568.8 567.896 567.098 566.799 566.404 566.097 565.701 565.5 565.298 565.096 564.701 563.603 562.199 560.803 559.1 557.397 554.202 551.797 548.803 544.698 543.801 543.097 544.596 546.799 548.696 550.195 549.4 549.797 546.697 546.197 545.3 545.004 544.198 543.301 541.7 539.599 536.203 533.205 529.9 516.296 510.003 509.901 509.698 509.596 509.504 509.402 509.3 509.198 509.096 509.004 508.902 508.8 508.698 508.596 508.596
640.704 633.102 626.202 619.698 613 607.197 605.301 603.3 600.499 593.599 585.497 577.298 572.198 569.502 568.502 568.001 567.598 567.299 566.702 566.097 565.596 565.403 565.298 565.096 564.2 562.796 561.4 560.803 560.101 557.002 553.903 550.199 546.197 544.096 543.403 544.698 546.299 548.002 548.798 547.697 547.105 544.596 544.198 543.801 544.3 543.699 542.495 541.2 539.497 536.101 532.705 527.402 517.203 510.003 509.901 509.698 509.596 509.504 509.402 509.3 509.198 509.096 509.004 508.902 508.8 508.8 508.698 508.596
645.699 638.501 629.6 621.699 616.801 615.703 612.403 608.497 604.3 597.602 591.501 581.801 575.902 570.697 569.204 568.8 568.203 567.598 567.001 566.404 565.798 565.596 565.403 565.201 564.902 563.297 562.603 561.699 560.698 558.898 554.904 551.902 549.4 545.004 543.199 543.597 546.004 547.503 547.503 546.901 545.698 543.801 542.597 542.404 542.903 543.505 542.302 540.996 539.803 536.101 532.501 527.596 517.102 510.003 509.901 509.799 509.698 509.504 509.402 509.3 509.198 509.096 509.004 509.004 508.902 508.8 508.698 508.596
650.299 642.504 630.003 626.501 625.5 623.604 619.004 613.702 608.497 600.297 594.302 587.297 579.203 573.602 569.696 569.099 568.502 567.896 567.299 566.597 566 565.701 565.5 565.403 564.999 564.297 563.401 562.199 560.997 560.004 557.397 555.097 552.102 548.4 545.198 545.198 546.095 546.503 546.299 545.8 545.096 542.801 541.2 540.996 541.802 542.597 541.996 540.802 539.997 535.897 532.501 528.095 516.898 510.003 509.901 509.799 509.698 509.596 509.402 509.3 509.198 509.096 509.096 509.004 508.902 508.8 508.698 508.596
656.102 645.602 640.204 637.5 635.103 629.801 624.798 619.004 612.596 604.203 597.497 591.598 583.996 575.902 569.898 569.301 568.703 568.098 567.501 566.904 566.299 565.798 565.701 565.403 565.201 564.604 563.498 562.401 561.497 560.9 560.399 558.898 555.396 549.899 548.196 546.901 546.299 545.504 545.198 544.402 542.995 540.996 539.701 539.701 541.098 541.7 541.802 540.904 539.997 535.795 532.603 528.799 517.795 510.003 509.901 509.799 509.698 509.596 509.504 509.402 509.3 509.198 509.096 509.004 508.902 508.8 508.698 508.596
657.998 648.096 648.903 647.104 643.601 637.202 631.198 625.298 617.002 609.4 601.597 597.497 589.903 580.704 572.601 569.599 569.002 568.397 567.703 567.098 566.5 566 565.701 565.5 565.201 564.798 563.797 562.901 562.304 561.602 560.997 560.496 558.802 551.704 549.104 547.798 546.401 545.096 543.199 542.2 541.098 539.395 538.702 538.895 540.303 540.802 541.098 540.802 539.997 536.305 533.205 530.002 519.1 510.503 509.901 509.799 509.698 509.596 509.504 509.402 509.3 509.198 509.096 509.004 508.902 508.8 508.698 508.504
659.999 658.999 659.999 658.401 651.203 644.303 637.5 631.803 622.199 614.202 609.304 604.801 597.102 588.297 577.597 571.197 569.502 568.897 568.3 567.703 566.904 566.404 566 565.596 565.298 565.096 564.297 563.498 562.796 562.199 561.497 560.803 560.098 553.601 548.798 547.503 546.299 545.004 541.802 540.099 539.497 538.498 537.396 537.304 538.202 540.099 540.303 540.201 539.395 536.601 533.5 530.4 520.202 511.605 509.901 509.799 509.698 509.596 509.504 509.402 509.3 509.198 509.096 509.004 508.902 508.698 508.596 508.504
667.496 666.197 666.504 664.801 659.999 651.897 644.497 636.798 627.8 621.602 618.302 613.702 604.502 595.302 584.101 576.798 570.697 569.502 568.8 567.896 567.396 566.904 566.5 566 565.5 565.201 564.604 563.902 563.2 562.498 561.804 561.102 560.302 556.202 549.104 545.596 545.096 542.495 539.599 538.895 538.304 537.1 536.305 535.703 535.601 536.805 537.396 537.896 537.6 536.101 533.5 530.696 522.405 512.604 509.901 509.799 509.698 509.596 509.504 509.402 509.3 509.198 509.096 508.902 508.8 508.698 508.596 508.504
676.696 675.897 675.098 673.097 668.602 659.999 652.301 642.802 633.796 631.004 626.799 619.399 612.298 602.097 590.702 582.398 576.104 569.801 569.002 568.3 567.896 567.396 567.001 566.5 566 565.5 564.902 564.2 563.498 562.699 561.997 561.303 560.597 558.405 551.205 544.402 542.495 540.598 539.497 537.998 537.1 535.795 535 534.796 534.602 534.602 534.704 534.796 534.898 534.602 533.5 530.798 522.904 514.603 509.901 509.799 509.698 509.596 509.504 509.402 509.3 509.096 509.004 508.902 508.8 508.698 508.596 508.504
682.902 682.797 681.296 680.497 678.302 669.603 657.401 645.498 643.496 639.098 632.9 624.499 617.301 608.4 596.497 586.296 579.203 571.601 569.204 568.897 568.397 567.896 567.501 566.904 566.299 565.798 565.201 564.402 563.7 562.901 562.199 561.497 560.801 559.996 554.703 546.299 543.597 541.302 539.497 538.304 536.998 535.295 534.602 534.204 534 533.898 534 533.898 533.796 533.001 532.001 530.798 523.098 514.797 509.901 509.799 509.698 509.596 509.504 509.3 509.198 509.096 509.004 508.902 508.8 508.698 508.596 508.504
687.3 685.799 684 682.297 681.296 677.503 661.299 663.001 657.901 646.2 637.904 629.503 621.497 610.901 600.701 590.799 581.898 572.198 569.696 569.397 568.897 568.3 567.703 567.098 566.5 565.903 565.298 564.604 563.902 563.297 562.498 561.699 560.903 560.098 555.396 551.704 546.004 544.005 542.903 540.7 538.6 536.499 534.796 534.204 533.704 533.103 532.899 532.797 532.603 531.797 530.798 530.196 523.404 515.205 510.003 509.799 509.698 509.596 509.402 509.3 509.198 509.096 509.004 508.902 508.8 508.698 508.596 508.504
689.6 687.897 686.098 684.298 682.297 680.102 677.1 677.697 671.701 656.303 644.804 635.797 626 615.8 607.197 597.4 585.901 578.299 572.496 569.696 569.204 568.599 568.001 567.396 566.799 566.202 565.596 564.999 564.2 563.401 562.603 561.9 560.995 560.302 557.599 554.305 551.602 550.103 547.503 546.197 540.904 537.804 535 534.5 533.898 533.398 532.797 532.195 531.695 531.104 530.604 530.104 523.404 515.602 510.003 509.799 509.698 509.596 509.402 509.3 509.198 509.096 509.004 508.902 508.8 508.698 508.596 508.504
691.4 688.898 687.3 685.799 683.402 680.901 682.7 682.7 677.899 668.4 653.398 643.004 632.803 621.998 613.799 603.897 591.8 583.399 577.201 570.003 569.397 568.8 568.203 567.598 567.001 566.404 565.798 565.096 564.297 563.498 562.796 562.401 562.005 561.597 560.098 557.599 554.499 552.796 551.398 550.399 545.902 539.599 536.805 534.704 534.204 533.602 533.103 532.501 531.899 531.298 530.696 530.104 524.2 517.102 510.095 509.901 509.698 509.596 509.402 509.3 509.198 509.096 509.004 508.902 508.8 508.698 508.504 508.402
694.402 690.698 688.696 687.098 684.5 681.901 684.5 687.002 682.2 674.203 662.8 648.5 639.203 627.397 618.802 610.998 600.903 588.596 580.203 572.9 569.599 569.002 568.397 567.8 567.202 566.5 565.903 565.298 564.604 563.902 563.7 564.604 564.503 563.698 562.097 560.302 557.303 555.6 554.101 552 548.604 542.903 538.804 535 534.5 533.898 533.296 532.705 532.103 531.502 530.9 530.298 527.198 517.499 511.003 509.901 509.698 509.596 509.504 509.3 509.198 509.096 509.004 508.902 508.698 508.596 508.504 508.402
697.896 694.297 690.504 688.099 685.501 682.902 685.597 689.802 687.002 678.004 671.104 656.997 643.101 632.602 624.499 616.099 605.696 595.504 586.102 576.499 569.898 569.301 568.703 568.098 567.501 566.799 566.202 565.596 564.999 564.604 564.999 565.298 565.197 565.105 564.004 562.005 560.098 557.803 555.498 553.499 550.797 547.697 543.403 538.498 534.704 534.102 533.5 532.899 532.297 531.695 531.104 530.604 527.402 517.795 511.605 509.901 509.799 509.596 509.504 509.3 509.198 509.096 508.902 508.8 508.698 508.596 508.504 508.402
699.897 696.403 692.804 689.503 686.8 684 685.904 690.004 690.004 681.603 674.098 663.502 648.201 636.701 629.003 620.698 612.403 602.501 593.801 580.8 572.997 569.599 569.002 568.397 567.8 567.202 566.5 565.903 565.298 565.298 565.403 565.596 565.503 565.299 565.197 563.698 561.097 558.802 556.804 554.805 552.704 550.501 547.9 539.599 534.796 534.296 533.704 533.103 532.501 532.001 531.104 530.502 527.504 517.795 512.298 509.901 509.799 509.596 509.504 509.402 509.198 509.096 508.902 508.8 508.698 508.596 508.504 508.402
701.503 698.203 694.604 691.101 688.002 685.097 686.098 689.398 690.399 684.798 677.197 668.198 652.301 640.3 633.304 627.598 620.4 612.104 601.298 588.104 576.701 569.898 569.301 568.703 568.098 567.396 566.799 566.097 565.5 565.701 565.798 565.903 565.901 565.697 565.299 564.095 561.597 559.2 557.201 555.1 553.102 550.001 538.895 536.896 535 534.5 534 533.5 532.705 531.695 530.798 530.196 525.097 517.897 513.4 510.003 509.799 509.698 509.504 509.402 509.198 509.096 509.004 508.8 508.698 508.596 508.504 508.402
702.698 699.502 695.903 692.4 688.696 686.001 686.396 689.302 690.302 684.702 678.601 671.903 658.498 644.997 637.298 632.497 624.903 615.396 604.002 590.404 580.098 572.9 569.599 569.002 568.3 567.598 567.001 566.097 565.903 566.097 566.202 566.299 566.298 565.799 565.401 564.697 562.8 560.2 557.803 555.396 553.204 550.797 545.004 538.997 536.397 534.898 534.204 533.205 532.195 531.298 530.4 526.902 520.498 517.102 512.696 510.003 509.799 509.698 509.504 509.402 509.3 509.096 509.004 508.8 508.698 508.596 508.504 508.402
703.803 700.696 697.202 692.804 689.1 686.8 687.002 689.6 690.504 684.5 678.399 671.999 661.904 649.403 639.8 634.7 628.599 618.302 606.003 595.698 584.496 575.902 569.801 569.204 568.502 567.8 566.904 566 566.202 566.5 566.702 566.799 566.502 566.104 565.697 565.299 564.503 561.699 558.497 555.702 552.796 550.001 541.598 538.6 536.805 535.102 533.796 532.797 531.797 530.9 530.104 521.497 518.805 516.5 513.899 511.197 510.003 509.698 509.596 509.402 509.3 509.096 509.004 508.902 508.698 508.596 508.402 508.3
705.901 702.496 698.3 693.901 689.802 687.599 687.8 690.1 688.002 681.796 677.6 671.798 663.098 652.696 643.303 636.403 630.197 621.998 610.901 601.096 587.498 578.5 570.6 569.397 568.703 567.8 566.904 566.404 566.597 566.904 567.098 567.202 566.798 566.4 566.003 565.605 565.105 562.403 557.497 553.499 550.297 544.596 537.804 536.805 535.795 534.5 533.704 532.399 531.4 530.502 525.505 519.1 517.499 515.796 513.797 511.299 510.003 509.698 509.596 509.402 509.3 509.198 509.004 508.902 508.698 508.596 508.504 508.3
708.702 705.401 700.6 696.096 691.303 689.003 687.704 690.399 688.898 683.596 677.802 671.798 663.098 653.196 644.699 638.097 632.997 625.702 615.703 606.1 593.503 581.696 573.303 569.502 568.599 567.703 566.799 566.702 567.001 567.202 567.501 567.396 566.9 566.4 565.799 565.401 564.799 562.097 556.895 551.704 547.003 541.2 535 534 533.001 531.604 530.798 530.9 530.604 529.798 520.702 518.305 516.398 514.705 512.9 511.105 509.901 509.799 509.596 509.402 509.3 509.198 509.004 508.902 508.8 508.596 508.504 508.3
712.196 707.798 703.101 698.098 693.199 689.503 688.398 690.601 691.698 685.202 678.899 671.201 662.299 653.301 646.603 640.002 634.498 627.897 616.897 607.302 595.504 583.197 574.901 569.696 568.599 567.703 566.799 567.098 567.299 567.598 568.001 567.396 566.798 566.196 565.605 565.105 563.402 561.301 556.702 549.502 544.3 538.396 533.001 531.196 529.9 528.901 528.697 528.401 526.504 520.895 519.202 517.897 516.102 514.195 512.298 510.401 509.901 509.698 509.596 509.504 509.3 509.198 509.004 508.902 508.8 508.596 508.504 508.402
716.199 711.099 706.297 701.802 696.096 690.302 689.302 690.899 691.9 684.096 677.398 669.296 659.701 653.003 647.499 642.1 636.096 630.503 618.302 609.4 595.802 584.803 576.903 571.1 568.8 567.598 567.202 567.501 568.098 568.502 568.098 567.598 567.002 566.4 565.697 565.105 562.8 560.699 550.001 543.903 540.099 536.703 531.502 528.901 528.095 526.402 525.505 524.699 521.497 519.396 517.795 516.296 515.103 514.103 512.298 510.299 509.901 509.698 509.596 509.504 509.3 509.198 509.004 508.902 508.8 508.596 508.504 508.402
720.702 715.303 709.799 705.296 700.503 694.2 691.303 694.402 692.304 681.998 674.396 667.198 659.2 653.196 647.701 643.004 637.597 631.302 619.302 610.199 595.899 584.997 578.5 573.198 569.397 567.8 567.896 568.502 569.002 568.8 568.203 567.703 567.104 566.604 566.003 565.197 562.698 558.201 543.699 538.895 536.703 532.797 530.502 528.799 526.402 523.996 522.496 520.997 519.396 518.601 517.795 516.296 514.797 513.298 511.9 510.503 509.901 509.698 509.596 509.504 509.3 509.198 509.096 508.902 508.8 508.596 508.504 508.3
726.9 720.799 715.303 709.404 704.602 699.599 696.702 696.5 692.497 682.7 675.203 667.803 658.999 653.301 647.902 643.004 637.403 630.399 619.601 611.2 596.198 584.997 578.597 574.102 570.6 568.098 568.897 569.397 569.301 568.897 568.397 567.8 567.298 566.696 565.799 564.401 560.903 552.602 539.395 536.805 534.796 533.205 531.797 529.9 527.096 523.802 520.895 519.702 518.703 517.795 516.796 516 514.705 513.298 511.798 510.401 509.901 509.799 509.596 509.504 509.3 509.198 509.004 508.902 508.698 508.596 508.504 508.402
731.201 727.198 720.799 714.803 708.799 703.698 699.801 699.203 692.602 683.104 675.203 667.997 660.903 655.198 648.5 643.198 637.298 630.1 619.803 611.402 596.303 584.997 578.597 574.901 572.198 569.599 569.599 569.801 569.599 569.099 568.502 567.8 567.104 566.298 565.299 562.005 555.202 546.901 539.497 537.702 536.305 534.704 532.501 530.298 527.096 523.7 519.998 518.998 517.999 517 516.102 515.103 514.195 513.196 511.696 510.299 509.901 509.698 509.596 509.402 509.3 509.096 509.004 508.902 508.698 508.596 508.504 508.504
732.799 730.902 726.9 719.903 713.399 707.596 702.996 698.3 695.298 690.698 677.899 670.7 664.599 657.901 649.799 644.497 637.097 629.801 619.996 610.901 596.601 584.997 578.799 575.498 573.102 570.802 569.099 570.003 569.696 569.002 568.203 567.396 566.604 565.503 563.8 560.2 551.898 544.504 539.997 539.497 537.6 535.601 533.103 530.798 527.096 523.496 520.396 518.896 517.703 516.398 515.296 514.399 513.4 512.502 511.605 510.503 509.901 509.698 509.596 509.402 509.3 509.096 509.004 508.902 508.8 508.698 508.596 508.504
734.3 732.403 730.604 725.197 718.297 711.502 706.297 702.803 698.897 693.199 683.104 673.5 666.899 658.902 651.703 644.4 637 629.398 616.704 607.601 595.802 584.303 578.5 575.797 573.4 571.504 569.301 570.003 570.003 569.301 568.203 567.098 565.697 564.004 562.301 558.201 551.602 543.597 543.097 541.404 538.702 536.305 534 531.104 527.8 524.699 521.599 519.202 517.897 516.602 515.296 513.899 512.696 511.696 510.799 510.003 509.799 509.698 509.504 509.402 509.198 509.096 509.004 508.902 508.8 508.8 508.698 508.596
