data/dhm_1.asc
ncols         200
nrows         200
xllcorner     599987.5
yllcorner     194987.5
cellsize      25
NODATA_value  -9999
[rows 0 to 29 of 200, columns 0 to 67 of 200]
560.198 560.004 556.703 550.304 546.003 542 539.296 537.997 536.698 535.302 534.002 532.703 532.098 531.799 531.598 531.299 531.097 530.097 523.197 513.698 504.297 499.899 499.1 498.398 498.002 498.398 498.898 499.003 499.503 499.899 503.102 505.499 506.403 507.202 508.001 508.897 510.204 512.197 512.899 512.698 512.399 512.004 511.802 511.697 510.696 510.099 510.301 510.503 510.696 510.898 511.1 511.302 510.801 510.204 508.703 507.597 505.596 505.596 507.202 508.897 512.803 518.403 531 539.498 539.902 546.898 560.004 562.998
560.101 558.398 553.403 548.997 545.898 541.903 539.296 538.102 536.698 535.302 534.002 533.898 533.599 533.397 533.204 532.897 532.397 531.598 530.702 525.101 511.1 504.797 501.803 499.697 499.003 498.398 498.002 498.301 498.696 499.1 499.398 499.802 499.899 499.899 500.004 500.504 500.698 501.303 501.496 501.4 504.2 504.297 504.297 504.103 503.796 503.401 503.296 499.899 499.899 500.399 501.997 502.602 502.4 502.199 501.303 500.601 500.004 501.698 504.103 505.798 508.703 513.9 519.597 532.001 535.399 539.498 553.096 561.699
560.101 560.004 551.902 547.802 544.703 541.5 539.296 538.102 536.803 535.503 535.399 535.503 535.302 535.1 534.801 534.503 533.801 533.002 531.799 530.597 521.801 509.801 506.5 503.603 501.4 499.802 499.197 498.503 498.002 498.301 498.696 499.003 499.301 499.398 499.398 499.503 499.503 499.6 499.6 499.802 499.802 499.802 499.802 499.802 499.697 499.697 499.697 499.6 499.301 499.301 499.398 499.398 499.398 499.398 499.398 499.503 499.6 499.899 500.802 502.4 505.701 508.396 512.899 523.503 532.598 537.198 545.898 560.198
560.101 560.004 554.299 549.4 545.002 541.298 539.498 538.199 536.996 536.198 536.803 537.101 536.9 536.698 536.399 536.101 535.197 534.099 532.897 531.896 530.201 520.203 512.1 508.299 506.096 504.603 502.602 499.802 499.197 498.696 498.204 498.301 498.599 498.801 498.801 499.003 499.1 499.1 499.1 499.301 499.301 499.301 499.197 499.197 499.1 499.003 499.003 498.898 498.801 498.696 498.696 498.801 498.801 498.801 498.801 498.801 498.898 499.1 499.398 499.697 501.803 504.902 508.396 516.402 528.499 534.398 539.603 555.598
560.004 556.203 551.103 547.802 544.703 540.999 539.401 538.497 537.198 537.602 538.199 538.796 538.602 538.401 537.997 537.497 536.302 535.399 534.503 533.204 532.001 530.597 525.4 521.002 515.901 511.003 508.897 506.903 503.102 500.004 499.503 499.003 498.599 498.099 498.301 498.503 498.599 498.599 498.696 498.801 498.801 498.696 498.696 498.599 498.503 498.599 498.696 498.801 499.003 499.1 499.197 499.301 499.301 499.197 499.197 499.503 499.503 499.398 499.197 499.003 499.697 502.199 506.903 511.1 520.703 531.799 536.198 550.699
556.001 551.2 548.803 546.196 543.598 540.604 539.401 538.602 538.304 538.901 539.603 540.103 540.2 539.998 539.603 538.796 537.9 537.101 536.302 535.003 533.704 532.397 531.703 531.097 530.403 529.104 524.899 520.501 515.199 511.398 506.597 503.199 499.899 499.503 499.1 498.801 498.599 498.503 498.398 498.503 498.599 498.599 498.801 498.898 499.1 499.197 499.301 499.398 499.6 499.697 499.802 499.802 499.802 499.6 499.6 499.802 501.698 500.802 499.899 499.503 499.197 499.899 503.796 506.403 509.599 527.797 530.799 546.503
550.998 548.601 546.801 545.002 543.202 540.297 539.296 538.998 538.998 539.296 539.797 541.201 540.999 540.902 540.604 540.2 539.7 538.796 537.803 536.803 535.503 534.801 534.196 533.599 532.397 531.896 531.404 530.597 530.201 527.296 521.897 516.999 512.698 508.897 505.596 502.199 499.899 499.802 499.697 499.6 499.6 499.398 499.503 499.6 499.802 499.899 500.004 502.4 505.402 507.404 509.098 508.299 504.499 500.004 500.004 500.004 502.303 505.104 503.199 499.899 499.197 499.503 500.899 506.201 512.601 522.6 527.998 540.2
549.303 547.504 545.704 543.896 542.097 540.499 540.103 539.902 539.797 539.998 540.902 542.097 541.903 541.596 541.298 540.902 540.604 540.2 539.7 538.602 537.997 537.303 536.601 536.004 534.398 533.898 533.204 532.098 531.598 531.202 530.799 530.298 526.401 522.301 520.001 516.2 512.504 509.502 507.501 507 506.298 506.798 508.203 509.704 512.302 515.296 517.499 519.799 520.3 520.598 520.8 520.501 519 505.903 504.402 506 507.702 508.8 507.202 502.4 499.398 499.503 501.198 505.297 509.801 520.8 526.497 535.697
549.602 548.198 546.398 544.598 543 542.298 541.798 541.5 541.298 541.701 542.702 542.904 542.597 542.298 542 541.701 541.298 540.999 540.701 540.402 540.103 539.797 539.103 538.497 536.601 535.802 534.696 533.704 533.099 532.598 532.397 531.896 530.597 530.298 529.701 526.602 523.697 520.598 520.3 520.098 521.002 522.002 522.503 523.1 523.802 524.399 524.996 522.6 522.898 522.898 522.801 522.196 520.396 509.704 509.502 510.599 512.302 511.302 510.301 502.804 499.503 499.503 503.102 508.396 510.599 518.298 524.899 530.403
549.303 548.9 547.1 545.502 544.8 544.098 543.501 543.202 542.904 543.202 544.203 543.799 543.299 543 542.702 542.403 542 541.701 541.5 541.201 540.999 540.701 540.499 540.2 538.699 537.4 536.399 535.197 534.503 534.099 534.002 533.204 532.098 531.799 531.404 530.799 530.097 526.102 525.803 526.602 527.498 527.998 528.103 528.604 529.298 530 529.798 525.198 525.101 525.101 524.698 523.197 521.502 520.098 516.103 515.199 515.797 513.9 510.801 503.796 499.6 499.398 504.297 511.802 514.4 516.499 523.302 528.297
548.601 548.698 548.101 547.302 546.6 545.801 545.204 544.897 544.598 544.8 545.002 544.598 544.203 543.703 543.404 543.097 542.799 542.5 542.202 541.798 541.403 541.096 540.701 540.402 539.998 538.901 537.997 536.803 535.899 535.802 535.697 534.398 533.704 533.3 532.703 532.203 531.501 530.5 530.5 530.702 530.702 530.702 530.799 530.799 531 530.904 530.298 527.7 527.603 527.103 525.698 524.302 522.801 521.801 520.897 520.3 515.998 511.6 503.901 499.899 499.503 499.503 508.501 513.9 517.596 520.001 523.503 527.902
547.697 547.899 548.198 548.004 547.899 547.6 546.898 546.6 546.301 546.301 545.801 545.397 545.002 544.598 544.098 543.799 543.501 543.202 542.799 542.298 541.903 541.596 541.201 540.902 540.499 540.2 539.603 537.997 537.698 537.497 537.198 535.697 535.197 534.6 534.099 533.599 532.897 532.098 532.001 532.203 531.896 531.799 531.896 531.896 531.896 531.299 530.5 530.097 529.499 528.103 526.804 525.4 524.004 522.503 520.897 520.001 513.9 507.896 500.302 499.697 499.301 499.503 507.202 514.602 519.404 521.397 526.804 532.001
546.898 547.003 547.504 547.6 547.399 547.197 547.003 546.697 546.398 546.099 545.898 545.704 545.502 545.3 545.002 544.502 544.203 543.703 543.299 542.799 542.403 542.097 541.701 541.403 540.999 540.604 539.998 539.498 539.498 539.296 538.401 536.996 536.496 536.004 535.503 535.003 534.196 533.704 533.397 533.502 533.002 532.897 533.002 532.703 532.098 531.501 530.702 530.201 529.403 527.401 525.497 524.004 522.6 521.099 518.702 509.502 501.698 499.899 499.802 499.6 499.398 499.503 503.498 520.001 522.196 524.197 528.7 534.801
546.003 546.196 546.697 547.1 546.898 546.697 546.503 546.003 545.801 545.502 545.3 545.099 544.897 544.703 544.502 544.397 544.3 544.098 543.799 543.299 542.904 542.597 542.202 541.798 541.403 540.902 540.499 540.499 540.402 540.103 539.103 538.401 537.9 537.4 536.9 536.399 535.697 535.302 534.898 534.696 534.196 533.898 533.397 532.703 532.001 531.404 530.597 529.104 527.199 525.4 523.697 522.196 521.099 517.596 507.799 500.1 499.899 499.802 499.6 499.398 499.301 499.398 501.496 518.298 523.197 526.901 529.701 538.199
545.204 545.3 545.898 546.503 546.398 546.301 545.898 545.397 545.204 544.897 544.703 544.502 544.3 544.098 543.896 543.799 543.703 543.598 543.404 543.299 543.202 543 542.597 542.202 541.798 541.403 541.096 541.096 540.797 540.402 540.103 539.603 539.103 538.602 538.199 537.698 536.996 536.198 535.503 534.801 534.099 533.801 533.397 532.703 532.001 531.404 530.5 530 525.101 523.398 521.897 520.396 515.296 508.299 500.004 499.899 499.802 499.697 499.6 499.398 499.301 499.398 500.004 513.997 522.6 527.498 531.202 540.999
544.3 544.502 545.002 545.704 546.003 545.801 545.397 544.897 544.502 544.3 544.098 543.799 543.703 543.501 543.299 543.202 543.097 543 542.904 542.702 542.702 542.5 542.403 542.202 542.097 541.798 541.5 541.201 540.902 540.604 540.402 540.103 539.103 538.199 537.4 536.601 535.399 534.398 533.599 533.3 532.598 532.3 532.501 532.3 531.703 531 530.597 530.097 522.6 521.002 517.701 510.398 507.501 504.297 500.601 499.899 499.802 499.697 499.6 499.503 499.301 499.503 500.004 513.303 522.6 527.7 533.397 545.099
543.404 543.598 544.203 544.897 545.502 545.3 544.8 544.3 543.799 543.703 543.501 543.202 543 542.904 542.702 542.597 542.5 542.403 542.298 542.202 542.097 542 541.798 541.701 541.596 541.5 541.201 540.999 540.797 540.402 539.7 539.296 538.602 537.101 536.198 535.399 534.196 532.598 531.799 531.598 531.097 530.904 530.904 530.403 530.201 530 528.499 523.6 520.001 513.803 509.704 506.096 503.401 500.302 500.004 499.899 499.802 499.697 499.6 499.503 499.301 499.503 500.996 512.899 522.898 527.998 540.797 549.198
542.597 542.799 543.404 544.098 544.703 544.8 544.3 543.799 543.202 543 542.904 542.597 542.403 542.202 542.097 542 541.903 541.798 541.701 541.596 541.5 541.5 541.298 541.201 541.201 541.201 540.999 540.701 540.402 540.297 539.603 536.198 535.802 535.302 534.898 534.002 532.8 531.501 530.097 529.596 529.104 526.497 524.803 522.696 520.897 519.597 517.798 513.997 509.897 509.203 508.501 505.596 500.004 499.899 499.899 499.802 499.697 499.6 499.503 499.398 499.301 499.697 503.7 515.401 527.797 534.002 543.202 550.602
541.701 542 542.597 543.202 543.896 544.3 543.703 543.202 542.702 542.202 542.202 542 541.798 541.596 541.403 541.403 541.298 541.201 541.096 540.999 540.999 540.902 540.797 540.797 540.701 540.701 540.701 540.2 538.998 538.102 536.698 534.898 532.703 532.3 531.703 531 530.403 528.902 525.303 524.899 524.803 524.197 515.998 511.6 509.897 510.898 509.704 509.203 508.598 507.896 507.202 506.5 501.496 500.004 499.899 499.802 499.697 499.6 499.503 499.398 499.6 500.004 507.202 517.798 529.298 537.198 549.9 551.797
540.797 540.999 541.298 541.798 542.5 543.598 543.299 542.702 542.202 541.596 541.403 541.403 541.201 540.999 540.797 540.797 540.701 540.604 540.499 540.402 540.402 540.402 540.297 540.297 540.297 540.297 540.297 540.2 536.803 533.099 531.501 531.299 530.597 526.901 524.698 521.397 520.001 518.5 517.104 521.203 520.897 520.501 516.402 508.098 507.702 507.799 507.702 507.702 507.202 506.597 505.798 504.999 504.603 500.802 500.899 500.004 499.802 499.6 499.398 499.6 499.899 504.499 512.004 521.801 532.001 539.296 550.602 552.701
540.103 540.2 540.103 540.499 541.798 542.5 543.097 542.403 541.701 541.096 540.701 540.604 540.499 540.402 540.2 540.2 540.103 539.998 538.796 537.198 536.996 536.698 536.399 536.198 535.899 535.6 529.298 527.998 526.401 525.497 523.398 520.3 518.702 517.402 515.7 512.1 511.6 510.599 510.204 509.704 509.203 508.703 508.098 506.298 505.499 505.297 504.999 504.999 505.402 505.201 504.297 503.603 501.9 501.997 500.899 500.004 499.697 499.503 499.6 499.899 505.104 511.1 520.203 530 535.6 541.403 550.796 552.999
539.401 539.2 539.401 540.2 540.499 540.499 542 541.701 541.096 540.499 539.2 538.401 537.9 538.199 537.101 532.897 530.5 530.799 528.797 522.503 524.601 523.1 521.397 521.704 523.398 523.802 522.002 515.199 509.502 509.3 509.3 509.203 509.3 509.502 509.098 508.001 506.096 506 505.701 505.499 505.201 504.797 504.2 503.296 503.199 502.804 502.497 502.102 502.4 503.401 502.804 501.601 500.004 500.197 499.802 499.6 499.6 499.802 500.004 506 513.803 521.502 529.499 535.197 539.103 549.997 550.304 552.999
538.304 538.102 538.102 538.602 538.998 539.998 542 541.298 538.796 532.598 529.298 529.701 532.098 533.704 533.3 529.903 519 513.602 514.199 511.197 509.801 509.599 509.3 508.703 508.703 508.098 507.702 506 504.499 503.901 503.401 502.699 502.303 502.4 502.199 502.199 501.496 501.4 501.4 501.303 501.198 501.198 500.899 500.996 500.996 500.601 500.1 500.004 500.899 501.698 501.198 500.601 499.899 499.697 499.6 499.802 500.004 504.603 511.302 518.5 525.303 533.502 541.201 538.998 549.997 551.296 552.297 554
537.101 536.9 536.9 537.997 539.7 540.902 541.5 540.604 537.303 530.799 525.4 522.099 524.004 527.7 527.401 518.201 509.801 509.098 508.8 508.396 508.001 507.597 507.299 506.201 505.402 504.297 502.804 500.899 500.802 501.198 501.303 501.496 500.996 500.197 500.1 500.1 500.1 500.1 500.004 500.004 500.004 500.004 500.004 500.004 500.004 500.004 500.004 499.899 500.004 500.302 500.004 499.802 499.697 499.802 499.899 502.901 510.204 518.298 528.7 533.099 540.103 543.404 547.697 550.498 551.7 552.902 554.097 555.299
536.004 535.802 536.803 538.304 539.7 540.499 540.999 540.103 533.099 524.399 520.3 517.402 515.998 516.2 515.199 509.801 508.396 507.404 507.097 506.798 506.298 505.596 505.402 504.297 502.303 500.899 501.4 502.102 502.602 503.102 503.296 503.401 502.699 500.698 500.004 500.004 500.004 500.004 500.004 500.004 500.004 500.004 500.004 500.004 499.899 499.899 499.899 499.899 499.899 499.802 499.697 499.802 499.899 501.997 506.597 512.197 522.503 530.403 536.004 542.097 546.003 549.804 550.998 552.103 553.298 554.5 555.598 556.8
534.898 535.197 536.399 537.698 538.998 539.998 540.499 537.698 527.998 518.201 514.4 511.503 510.002 509.801 509.397 507.896 506.597 505.903 505.499 505.201 504.603 503.901 503.401 502.4 500.698 502.102 503.199 503.901 504.402 504.902 505.201 505.297 504.402 501.997 500.004 500.004 500.004 500.004 500.004 500.004 500.004 500.004 500.004 499.899 499.899 499.899 499.802 499.802 499.802 499.802 499.899 501.496 506.798 512.302 519.702 527.199 533.3 538.199 540.999 544.397 549.804 550.998 551.999 553.298 554.403 555.501 556.502 557.599
533.898 534.801 536.101 537.303 538.497 539.401 540.103 534.801 524.302 514.901 510.301 509.203 508.501 507.597 507.097 506 505.297 504.603 503.901 503.498 502.901 502.199 501.601 500.601 502.102 503.796 504.999 505.596 506.201 506.702 507.097 507.202 506.096 504.2 503.102 500.996 500.004 500.004 500.004 500.004 500.004 500.004 500.004 499.899 499.899 499.899 499.899 499.899 499.899 500.004 503.296 508.897 516.604 526.699 532.8 538.199 541.201 543.501 546.301 547.697 550.102 551.603 553.201 554.299 555.396 556.397 557.502 558.398
533.3 534.503 535.802 536.9 537.698 538.401 537.9 534.6 524.399 513.803 509.502 508.396 507.597 506.798 506 505.201 504.402 503.603 502.804 501.997 501.601 501.198 500.802 501.803 503.401 505.297 506.702 507.404 507.896 508.501 509.002 509.098 508.098 507.501 506.298 504.7 503.7 503.998 502.102 500.004 500.004 500.004 500.004 500.004 500.004 500.004 499.899 499.899 500.004 505.104 512.601 521.203 530 538.699 541.903 544.001 546.196 547.003 550.199 550.901 551.603 552.797 554.202 555.299 556.397 557.099 557.599 558.003
532.897 534.196 535.399 536.004 536.399 536.004 535.1 534.196 530.403 516.297 509.502 508.396 507.501 506.702 505.903 505.104 504.297 503.498 502.804 502.102 501.496 501.101 500.698 502.699 504.7 506.5 508.396 509.203 509.704 511.6 514.497 520.396 519.097 514.699 511.899 512.1 512.504 512.899 513.101 514.998 511.003 504.402 500.004 500.004 500.004 500.004 500.004 503.7 509.397 514.699 525.698 540.2 543 546.099 547.1 548.698 550.304 550.699 551.401 552.499 553.298 554 555.202 555.896 556.397 556.8 557.301 557.801
532.598 533.898 534.196 534.503 534.196 533.397 532.501 531.703 529.596 516.103 509.3 508.299 507.501 506.702 505.903 505.104 504.402 503.7 502.901 502.199 501.496 500.996 501.698 505.104 506.597 507.799 509.203 516.7 520.203 521.397 522.801 525.497 526.401 524.302 521.502 521.397 521.397 522.196 523.697 524.197 522.002 520.098 516.2 514.901 515.498 514.998 517.701 518.5 522.898 528.604 538.602 543.501 548.004 550.199 550.498 550.699 551.498 552.297 552.999 553.701 554.202 554.702 555.097 555.598 556.098 556.598 557.099 557.599
