data/dhm_1.asc
ncols         200
nrows         200
xllcorner     599987.5
yllcorner     194987.5
cellsize      25
NODATA_value  -9999
[rows 0 to 29 of 200, columns 68 to 135 of 200]
566.5 569.898 571.504 572.803 574.296 575.603 576.903 577.298 577.701 579.396 581.002 582.503 584.101 586.498 592.897 594.003 591.203 588.903 587.103 585.602 584.803 583.698 582.6 581.696 580.599 579.598 579.001 578.404 577.798 577.201 576.499 575.902 575.395 574.997 574.1 573.998 574.804 577.302 579.801 580.301 580.403 581.596 583.003 583.095 583.401 583.605 583.095 582.299 581.004 579.495 578.995 578.801 579.301 580.097 580.505 580.902 581.504 581.004 581.004 581.3 581.596 583.605 583.299 582.401 581.004 580.097 576.497 572.499
565.201 568.098 570.196 571.504 573.102 574.401 575.103 575.498 576.604 578.597 580.397 581.898 583.197 584.4 589.201 593.398 590.702 588.201 586.102 584.698 584.101 583.504 582.503 581.301 580.203 579.598 578.799 578 577.201 576.499 575.902 575.297 574.498 573.804 573.203 573.203 574.804 576.803 578.302 578.699 579.495 580.403 581.698 583.197 584.196 584.604 584.502 583.095 581.902 580.596 579.801 579.495 579.801 580.403 580.8 581.096 580.596 579.801 579.699 579.699 579.903 581.698 584.4 585.196 584.105 582.095 580.199 577.996
563.902 565.298 567.501 570.1 571.697 572.997 573.497 574.102 575.902 577.597 579.396 581.002 582.301 583.504 584.9 588.596 587.902 586.102 584.9 584.303 583.504 582.802 582.196 581.301 580.098 579.396 578.597 577.701 576.903 575.999 575.297 574.296 572.999 572.305 571.703 572.101 573.896 575.701 576.701 577.7 578.495 579.301 580.301 581.8 583.197 585.002 585.695 584.4 583.401 582.503 581.402 580.8 580.902 581.004 580.698 580.403 580.005 579.597 579.199 579.199 579.495 580.698 584.003 585.695 585.4 583.605 582.401 582.004
559.899 563.103 566.404 569.599 570.697 571.504 571.996 573.4 575.2 576.903 578.5 580.001 581.204 582.6 583.802 584.698 584.803 584.803 584.601 584.101 583.197 582.398 581.599 580.897 580.098 579.203 578.299 577.403 576.499 575.603 574.296 572.803 571.499 570.704 570.602 570.898 572.601 574.498 575.905 576.803 577.802 578.699 579.403 580.403 582.595 584.9 585.899 584.105 583.299 582.095 582.004 581.596 580.698 580.505 580.097 579.801 579.495 579.199 578.903 578.699 579.301 580.505 584.105 585.695 586.501 585.502 584.9 584.696
555.598 560.601 563.797 567.001 569.002 570.003 571.003 572.803 574.296 575.797 577.298 578.799 580.203 581.502 582.697 583.302 583.504 583.698 583.996 583.899 583.1 582.196 581.398 580.599 579.598 578.404 577.5 576.604 575.7 574.296 572.803 571.302 569.898 569.297 569.399 569.898 571.397 573.203 574.997 576.201 577.2 577.904 578.801 579.597 581.3 583.401 583.605 582.197 581.096 580.005 579.801 579.903 579.801 579.699 579.495 579.301 578.995 578.699 578.495 578.2 578.903 580.005 584.196 586.001 587.205 587.297 587.205 587.001
551.603 553.903 561.303 564.499 567.001 568.3 570.003 571.601 573.102 574.603 576.104 577.5 578.702 580.001 581.301 581.801 582.1 582.301 582.697 583.504 583.399 582.6 581.696 580.8 579.501 577.903 576.798 575.797 574.296 572.803 571.302 569.898 569.001 568.103 567.502 567.797 570.102 572.203 574.202 575.599 576.599 577.496 578.302 579.097 579.699 581.096 581.3 580.403 579.801 579.597 579.403 579.301 579.301 579.097 578.995 578.801 578.597 578.302 577.996 577.7 578.404 580.005 583.697 585.4 585.695 586.001 588.296 589.204
545.502 549.303 557.099 561.9 565.096 566.702 568.397 570.1 571.697 573.102 574.401 575.7 576.999 578.799 579.897 580.203 580.502 581.099 581.898 582.697 582.899 582.899 582.003 581.099 580.203 578.5 576.604 574.699 573.198 571.697 570.301 567.8 567.4 567.002 566.298 565.697 569.205 571.499 573.498 575.201 576.201 576.996 577.802 578.302 578.801 579.403 579.699 579.699 579.495 579.199 578.995 578.699 578.699 578.597 578.404 578.2 577.996 577.802 577.598 577.302 578.098 579.801 582.401 583.799 583.799 583.799 584.798 587.705
542.5 547.802 554.403 560.303 562.796 563.603 565.5 567.896 570.196 570.6 572.4 573.901 574.998 576.104 576.999 578.597 579.203 580.3 581.099 581.898 582.196 582.301 582.003 581.099 580.502 579.8 577.298 574.603 572.601 571.1 569.002 565.798 564.503 564.095 563.698 564.503 568.501 570.898 572.897 574.498 575.701 576.405 576.905 577.404 577.904 578.404 578.995 579.699 579.301 578.995 578.597 578.302 578.098 577.996 577.802 577.598 577.404 577.2 576.996 576.803 577.598 578.995 580.902 582.004 582.004 582.197 583.503 585.4
539.401 542.298 550.199 556.8 560.004 560.9 563.2 566.202 568.001 569.002 570.802 571.1 572.101 573.699 575.2 576.604 577.701 579.501 580.397 581.099 581.599 581.801 581.898 581.002 580.203 579.098 577.298 575.2 572.601 570.503 567.396 563.401 561.597 561.597 562.301 563.902 567.604 570.704 571.703 573.305 575.201 575.701 576.201 576.599 577.904 579.597 580.301 579.801 579.495 579.097 578.699 578.404 578.2 577.802 577.404 577.098 576.905 576.701 576.599 576.405 576.599 577.996 579.903 580.199 580.005 580.505 581.3 581.198
532.897 541.298 545.397 548.9 553.298 558.398 562.102 564.402 565.596 566.904 568.897 569.099 570.503 572.101 573.4 574.796 576.201 578 579.703 580.502 580.704 580.897 581.599 580.8 580.001 576.798 574.998 573.497 571.697 569.204 565.201 560.9 559.802 559.996 561.199 563.198 565.697 568.797 570.204 572.499 574.304 574.997 575.803 577.2 578.302 579.403 580.301 579.801 579.597 579.199 578.995 578.903 578.597 578.098 577.598 577.098 576.701 576.303 576.099 575.997 575.803 576.905 577.904 577.996 577.904 578.495 578.995 575.497
531.299 539.2 546.6 551.401 555.202 559.003 561.303 562.796 564.2 565.5 566.702 567.896 569.099 570.398 571.601 572.997 574.603 576.499 578.299 579.897 580.203 579.396 581.099 580.203 577.597 574.401 572.496 571.003 568.897 564.701 560.101 559.504 559.404 559.7 559.996 563.096 565.799 568.001 570.296 572.397 573.203 574.1 574.997 576.303 577.302 578.2 578.903 579.097 579.597 579.699 579.597 579.403 578.903 578.302 577.802 577.302 576.803 576.405 575.997 575.599 575.395 575.395 575.201 575.497 575.997 576.701 576.803 572.601
537.303 543.097 549.198 552.402 554.799 557.397 559.6 561.497 562.796 564.604 566 567.001 567.896 568.897 569.898 571.302 572.997 575.103 576.499 576.701 577.701 580.203 580.704 579.203 574.901 572.101 570.003 566.904 563.7 559.899 559.399 558.898 559.098 559.598 560.597 563.902 566.298 568.297 570.398 571.397 572.397 573.498 574.396 575.303 576.405 577.904 579.301 580.097 580.403 580.505 580.097 579.597 579.097 578.597 577.996 577.496 576.996 576.599 576.201 575.701 575.303 574.396 571.499 570.5 571.204 574.202 574.1 567.604
539.603 546.6 550.699 552.797 554.799 556.703 558.6 560.698 562.699 564.104 565.096 566.097 566.904 567.703 568.502 569.696 571.302 573.602 574.199 574.296 578.5 580.3 580.3 577.903 572.601 568.8 564.999 561.804 559.697 559.1 558.697 558.503 559.2 559.904 562.005 564.595 566.604 568.501 570.296 571.204 572.203 573.101 573.998 574.997 576.599 578.302 579.903 580.403 580.596 580.005 579.597 579.199 578.801 578.495 578.098 577.7 577.2 576.701 576.303 575.803 575.395 574.1 569.898 567.298 566.604 566.798 566.696 564.299
542.5 547.899 551.296 554 556.502 558.503 560.004 560.698 562.304 563.2 563.999 564.798 565.596 566.299 567.098 567.896 569.696 571.697 571.601 574.498 577.701 580.001 579.203 575.103 570.196 563.797 560.198 559.302 558.503 557.704 558.301 559.1 559.904 560.995 562.301 564.901 567.002 569.001 570.398 571.295 572.203 573.101 573.998 574.804 576.303 578.098 579.801 580.097 580.005 579.495 578.903 578.495 578.098 577.7 577.404 576.996 576.701 576.405 575.997 575.599 575.201 573.305 569.399 566.298 563.096 562.005 559.996 559.802
547.1 550.901 552.499 554.097 556.8 559.504 560.303 560.9 561.602 562.102 562.603 563.401 564.2 564.999 565.798 566.597 567.8 569.397 570.898 574.102 576.104 577.096 575.2 571.399 565.201 559.697 558.802 558.099 557.301 558.099 559.003 559.899 560.699 561.597 563.198 564.901 566.9 569.103 570.5 571.397 572.203 572.999 573.804 574.498 575.803 577.496 578.801 579.403 579.403 578.903 578.404 577.904 577.404 576.996 576.599 576.303 575.905 575.701 575.395 575.099 574.1 571.999 569.705 564.697 561.301 559.302 558.099 557.395
550.304 552.297 554.202 555.703 557.599 559.6 560.496 560.9 561.497 562.102 562.796 563.297 563.797 564.402 564.902 565.5 566 568.098 570.196 571.996 573.602 572.601 570.697 565.5 559.697 558.398 557.599 556.8 558.301 559.197 560.101 560.698 561.505 562.403 563.402 564.595 566.9 569.103 570.398 570.898 571.601 572.499 573.396 574.202 575.099 576.599 577.7 578.302 578.495 578.302 577.802 577.302 576.905 576.405 575.905 575.497 575.201 574.997 574.6 574.1 573.203 571.999 569.898 564.799 559.904 558.405 556.895 555.702
551.7 553.701 555.598 557.599 559.504 560.399 560.9 561.4 561.9 562.304 562.796 563.401 563.999 564.499 565.096 565.403 565.096 566.597 568.397 569.204 571.1 570.503 564.999 559.504 558.398 557.099 556.3 557.898 559.302 560.198 560.803 561.4 562.301 563.3 564.095 564.697 566.798 568.001 569.001 570.102 571.102 571.999 572.897 573.702 574.6 575.803 576.905 577.2 577.404 577.598 577.302 576.803 576.303 575.803 575.303 574.804 574.396 573.896 573.396 572.805 571.999 570.898 569.297 564.503 559.7 557.905 556.202 554.805
552.499 554.702 556.897 558.898 560.303 560.803 561.4 561.9 562.304 562.796 563.297 563.7 564.2 564.604 564.798 564.604 564.297 565.403 567.098 566.597 566 564.701 559.504 557.704 556.598 555.799 557.099 559.399 560.303 560.9 561.497 562.199 563.096 564.095 564.697 565.003 565.401 566.696 568.103 569.796 570.704 571.397 572.305 573.305 574.304 575.303 575.997 576.303 576.599 577.302 576.905 576.405 575.997 575.497 575.099 574.997 574.6 573.896 573.101 572.601 571.795 570.602 569.103 564.299 559.996 557.905 555.804 554.499
553.403 555.097 557.099 559.504 560.399 560.803 561.303 561.9 562.401 562.796 563.297 563.797 564.2 564.104 563.7 563.7 563.401 564.104 564.798 564.2 560.399 559.003 557.502 555.799 555.097 556.703 559.6 560.303 560.997 561.602 562.199 562.998 564.004 563.504 563.8 564.095 564.595 566.104 567.695 569.103 570 570.898 571.897 572.703 573.498 574.396 574.997 575.497 576.303 576.905 576.497 575.997 575.599 575.303 575.201 575.099 574.997 574.702 574.1 573.998 573.203 571.897 570.204 565.105 560.801 557.997 555.702 554.499
554.597 556.3 558.099 559.504 560.303 560.803 561.303 561.9 562.401 562.901 563.401 563.797 563.498 562.998 562.498 562.401 562.498 562.901 562.401 562.102 559.197 556.203 554.403 555.001 557.898 559.6 560.399 561.102 561.699 562.304 562.998 563.498 562.902 562.504 562.902 563.198 564.299 565.503 567.002 568.399 569.603 570.602 571.295 572.101 572.897 573.6 574.396 575.099 576.201 576.497 576.099 575.599 575.497 575.395 575.303 575.201 575.201 575.099 574.997 574.997 574.396 572.703 570.898 567.4 561.597 558.303 555.804 554.601
555.202 557.397 559.197 560.399 560.698 561.102 561.497 561.997 562.401 562.901 563.297 562.901 562.401 561.9 561.4 561.102 561.198 561.303 560.803 560.004 557.301 554 554.799 557.204 559.802 560.496 561.102 561.804 562.304 562.901 562.699 562.199 561.597 561.505 562.005 563.198 564.401 565.901 567.899 569.297 570.296 570.898 571.795 572.703 573.498 574.202 574.6 575.099 575.997 576.099 575.701 575.701 575.599 575.497 575.395 575.395 575.303 575.201 575.201 575.099 574.895 573.305 571.703 569.796 563.8 559.098 556.804 554.897
555.703 558.398 560.198 560.601 561.102 561.497 561.9 562.304 562.603 562.796 562.498 561.997 561.4 560.9 560.399 559.697 560.399 560.303 559.1 557.397 554.904 553.596 556.397 558.898 560.198 560.803 561.303 561.997 562.498 561.804 561.198 560.698 560.302 560.699 561.903 563.096 564.401 566.003 569.001 570.102 570.796 571.499 572.203 573.101 573.998 574.895 575.201 575.395 575.905 575.905 575.803 575.803 575.701 575.599 575.497 575.395 575.303 575.201 575.099 574.997 574.6 573.305 571.897 570.5 565.799 559.496 557.395 555.304
555.598 557.301 559.6 560.601 561.198 561.4 561.699 561.997 562.304 562.102 561.699 561.198 560.601 560.101 559.197 558.196 559.1 558.099 556.203 554.403 552.297 555.001 557.898 560.101 560.601 561.102 561.602 562.199 561.4 560.496 560.004 559.802 559.802 560.302 561.699 563.096 564.595 566.104 569.103 570.296 571.204 571.897 572.703 573.396 574.1 574.895 575.201 575.395 575.701 575.803 575.701 575.599 575.497 575.395 575.303 575.201 575.201 574.997 574.304 573.998 573.6 572.999 571.703 570.5 566.196 559.598 557.303 555.202
557.204 559.302 560.303 560.698 560.997 561.198 561.4 561.699 561.602 561.303 560.997 560.399 559.697 558.301 556.598 554.799 556.703 555.799 553.903 551.902 553.701 556.502 559.399 560.399 560.803 561.198 561.699 561.9 560.496 559.802 559.6 559.504 559.496 559.802 560.597 561.699 562.8 564.901 567.298 569.796 570.5 571.204 571.999 572.703 573.396 574.1 574.804 574.997 575.303 575.701 575.599 575.497 575.395 575.201 575.099 574.997 574.702 574.1 572.805 572.703 572.703 572.305 571.397 570.296 566.502 559.2 556.498 554.397
558.003 559.302 560.198 560.399 560.601 560.9 561.102 560.997 560.803 560.601 560.303 558.301 556.397 554.702 552.999 551.999 554.202 553.798 551.7 552.797 555.097 557.301 559.6 560.303 560.698 561.102 561.497 561.497 560.997 559.6 559.197 559.1 559.302 559.496 559.7 559.996 561.801 563.8 565.901 567.797 569.297 570.102 571.204 571.897 572.601 573.498 573.896 574.304 574.997 575.395 575.395 575.303 575.201 574.997 574.6 573.998 573.305 572.101 571.102 571.295 571.499 571.204 571 570.204 563.596 557.905 554.703 553.703
558.697 559.6 560.004 560.004 560.198 560.496 560.496 560.303 560.101 559.6 557.898 555.097 552.797 550.602 549.497 549.198 551.797 551.797 551.603 553.201 555.202 557.502 559.6 560.198 560.601 560.997 561.303 561.102 560.803 560.198 559.302 558.697 558.904 559.098 559.404 559.7 559.996 562.097 564.197 566.104 567.502 569.399 570.398 571.102 571.897 572.703 573.101 573.498 574.498 575.201 575.303 575.201 574.997 574.304 573.305 572.805 571.999 570.796 569.603 569.603 570.102 570.204 570.102 565.901 558.996 554.897 553.999 553.795
558.802 559.302 559.697 559.003 559.197 560.101 560.004 559.003 557.599 556.203 554.5 551.999 549.9 548.997 548.997 548.997 549.303 550.602 552.499 554.097 555.598 557.502 559.302 560.198 560.698 560.9 560.997 560.601 560.303 560.101 559.003 558.301 558.497 558.802 559.2 559.496 559.802 560.2 562.301 564.799 566.604 568.195 569.399 570.398 571.295 571.795 572.203 572.805 573.998 575.099 575.099 574.997 574.304 573.101 572.101 571.601 571 569.603 568.103 567.104 566.4 566.4 564.095 560.302 554.897 554.397 554.305 554.397
558.503 559.003 559.399 558.898 557.599 556.598 557.599 556.098 554.202 552.797 551.103 549.497 548.997 548.997 548.997 548.997 548.997 550.998 553.298 555.001 556.502 558.003 559.6 560.399 560.496 560.601 560.698 560.303 559.802 559.197 558.503 558.003 558.303 558.599 558.904 559.2 559.496 559.802 560.302 563.004 565.401 566.798 567.797 569.796 570.602 570.898 571.204 572.203 573.305 573.998 574.997 573.896 572.203 571.703 571 570.296 569.796 568.705 566.604 565.503 564.197 561.301 557.997 554.999 554.703 554.499 554.897 554.999
558.301 558.697 559.003 558.802 557.397 555.703 554.299 554.403 552.402 550.498 549.303 548.997 548.997 548.997 548.997 548.997 550.602 552.2 553.701 555.598 556.703 558.398 559.802 560.101 560.101 560.303 560.303 559.802 558.6 558.301 557.801 557.704 557.997 558.405 558.701 558.996 559.302 559.496 559.802 561.199 563.698 565.105 566.104 567.695 568.705 569.796 570.398 571.499 571.499 571.204 571.204 570.602 569.898 569.399 568.899 568.501 567.695 566.604 565.503 562.403 559.802 557.395 554.999 554.805 554.601 554.897 555.896 555.202
558.003 558.301 558.697 558.6 557.204 555.501 553.798 551.902 550.498 549.198 548.997 548.997 548.997 548.997 549.198 550.699 551.498 552.402 553.5 554.904 556.001 557.204 558.398 559.003 559.302 560.101 559.802 558.802 557.898 557.704 557.397 557.397 557.701 558.099 558.405 558.802 558.996 559.302 559.7 560.404 562.097 563.096 564.299 564.901 565.901 567.196 568.705 569.796 568.899 568.195 567.695 567.502 567.502 567.196 566.798 566.4 565.605 564.299 562.596 559.496 557.303 554.999 554.805 554.703 554.499 555.498 556.895 554.805
